-0.699714 3.66253 0.910163 
-0.0599113 3.5293 1.30906 
1.24439 2.84608 -0.058147 
0.992741 2.7988 -0.598329 
0.770662 1.76939 -0.500705 
0.331494 0.0961322 0.0244196 
0.566824 2.23718 0.784682 
0.0366864 0.576662 -0.401209 
0.614446 0.610822 -0.197423 
0.388193 0.870772 -0.123008 
0.553704 1.19359 -0.166049 
0.507494 2.49324 0.848853 
0.0482471 0.435124 -0.315766 
0.0878965 3.92549 0.887986 
0.483421 1.42498 -0.306191 
1.51975 2.16409 -0.0257854 
0.0121375 2.90492 0.585042 
-0.364686 3.79787 0.919102 
0.0942514 0.138739 0.313003 
-0.126521 2.88493 1.11974 
0.883448 1.59775 -0.53115 
0.125123 0.600673 -0.00830838 
0.909863 2.2901 0.163574 
-0.0148183 1.84835 0.175934 
-0.401168 3.643 0.811405 
0.302499 2.33887 0.463811 
0.0793307 3.63772 0.975324 
0.235883 1.33191 -0.183875 
0.963068 1.18077 -0.367532 
-0.554711 3.70954 0.619701 
0.791947 0.593032 -0.124048 
0.763139 1.33952 0.178739 
1.41693 1.90192 -0.149469 
0.614665 1.91213 0.118272 
1.02507 2.34223 -0.623508 
-0.611847 3.49453 0.622393 
-0.869624 3.43862 0.53668 
-0.707214 3.15948 1.25487 
0.129019 2.82081 0.308612 
0.871931 1.18678 0.436189 
0.0511152 0.227504 -0.0905545 
1.16625 1.27813 -0.104774 
0.705381 2.357 -0.556676 
-0.125381 3.73014 1.06697 
1.10901 2.72391 -0.319558 
-0.231444 4.03577 1.00301 
0.623918 2.12223 -0.391458 
0.832464 1.25074 -0.309031 
1.01958 2.24826 -0.615997 
0.187555 1.47581 0.28081 
-0.301689 3.54977 0.959653 
0.497087 0.3443 0.39486 
-0.236787 2.79174 0.377781 
0.562767 0.170457 -0.0722707 
0.5151 0.316717 0.0403852 
1.06078 3.00608 0.172431 
0.932202 2.70008 -0.544505 
1.54551 2.00475 0.108537 
0.361653 0.502696 -0.0150811 
0.0674645 1.87441 0.0263545 
-0.202049 2.36171 0.675875 
-0.515767 2.76606 0.767673 
0.380856 3.01454 0.500605 
-0.698916 3.62867 0.667862 
0.975667 0.967686 -0.102315 
0.943009 2.37036 -0.197053 
0.811503 0.519134 -0.0446439 
0.0624008 0.623597 0.424889 
1.22636 2.6285 -0.0582644 
-0.932791 3.42378 0.868539 
0.536873 2.00096 0.699009 
0.253944 0.0050312 0.149898 
-0.357484 3.20082 1.60041 
-0.656804 3.97783 1.12144 
0.631887 1.64065 0.255525 
1.28252 1.7689 0.302246 
1.04934 1.87274 -0.213713 
0.456955 0.534582 -0.367749 
-0.380724 3.04527 0.362326 
0.68913 0.35469 -0.413215 
0.695387 2.4622 0.728075 
-0.572549 3.21233 0.742726 
0.407031 2.37296 0.0701692 
-0.727739 3.53641 1.1727 
1.39213 2.39988 0.0554876 
1.11105 1.47661 0.127025 
0.862161 1.87235 -0.435946 
-0.43618 3.165 1.53506 
0.439591 1.73968 0.704955 
0.690611 0.912274 0.108786 
0.346397 2.40341 0.465056 
-0.0166553 2.87225 0.861216 
-0.936562 3.26536 0.839616 
0.0853016 1.11526 -0.313201 
0.0374988 3.3388 0.488008 
0.819372 0.12128 -0.293469 
0.170286 3.21837 1.05204 
0.59289 1.30108 0.0841986 
0.775319 2.23311 0.186431 
0.296828 1.41831 0.0848388 
-0.810485 3.37434 0.755094 
1.02604 0.978817 -0.265222 
-0.230705 3.74743 0.268781 
0.117487 1.16171 -0.425253 
-0.690155 3.23188 1.45212 
0.484411 2.47452 0.819222 
0.348069 0.657143 -0.400497 
0.118141 0.704838 0.400464 
0.189532 2.17413 0.482658 
-0.499375 4.12483 0.760149 
-0.082058 3.23063 1.20168 
-0.889471 3.42573 0.854475 
0.822047 2.03144 -0.495957 
0.643708 0.833881 -0.229888 
0.174024 1.4613 0.230125 
-0.364812 3.90189 1.02233 
0.166398 0.527619 -0.35617 
1.28661 1.87541 -0.0939382 
0.181378 1.23432 0.563155 
1.27183 2.34206 0.119822 
0.168429 1.74076 0.0580934 
0.197491 2.91037 0.729569 
1.50316 2.84097 0.19467 
0.869185 1.01276 -0.215365 
-0.0982591 2.42283 0.643926 
1.34003 1.98173 0.442379 
-0.0969808 2.72726 0.89317 
1.37497 1.79579 -0.191069 
0.906846 0.184803 0.0526425 
0.363063 2.20159 0.312058 
1.34301 2.03658 0.208252 
0.331868 2.17838 0.230358 
1.05518 1.1127 -0.152122 
0.347432 1.19448 -0.50392 
-0.0152007 1.33567 0.276019 
0.77108 0.582103 0.0578583 
0.643881 2.09734 -0.242195 
-0.147681 2.80774 0.936127 
-0.0390189 1.18318 -0.0496099 
1.34942 2.33156 -0.373876 
-0.0376055 0.509174 0.0123591 
0.345273 1.18755 -0.217864 
0.969032 0.871531 -0.350367 
0.106898 0.471456 -0.288079 
0.0951661 -0.135123 0.149228 
0.518855 1.64091 -0.302653 
1.13198 2.29584 -0.470764 
-0.385718 3.67302 1.3214 
1.06083 2.31682 0.630721 
0.140094 2.19551 0.672727 
0.745281 1.62637 0.551745 
0.0187315 3.73652 0.78963 
1.09029 1.90947 -0.0543285 
0.57024 1.60141 0.51266 
-0.527034 2.78581 0.698711 
0.0454721 2.44831 0.491739 
-0.688873 2.99366 0.815956 
0.0963933 1.39927 -0.339617 
-0.358043 2.97076 0.432048 
0.107787 3.60666 0.964694 
0.539457 1.52005 -0.564847 
0.107157 1.07322 -0.0620581 
0.39112 1.05814 0.568787 
0.24957 1.64907 0.605794 
-0.432431 3.25004 0.974298 
0.173938 2.52468 0.270796 
0.434894 2.36323 0.362354 
0.86941 2.38307 0.288528 
-0.0786531 3.87033 0.610511 
0.966979 2.15807 -0.254997 
0.549152 0.652366 -0.443612 
0.0259763 2.78961 0.820515 
0.84166 2.13341 0.659587 
0.301131 2.97859 0.734933 
0.154933 -0.270661 0.257423 
-0.0608548 3.41333 0.728269 
-0.351856 3.78231 0.677299 
0.662652 2.16336 -0.567415 
0.659231 0.52637 -0.231739 
0.241956 1.03445 0.132759 
-0.0561641 2.49425 0.757659 
0.879152 1.12645 -0.127868 
-0.566052 3.58253 1.23679 
0.739088 0.605903 0.0485892 
-0.388663 3.66433 0.691578 
-0.194237 3.82734 0.682649 
0.0240988 0.34086 0.365608 
0.304156 2.59963 0.776616 
1.18946 2.75991 0.0952192 
1.2822 1.88178 0.0953671 
0.693322 0.418527 -0.179338 
0.36914 0.525133 0.600272 
0.556795 2.19437 0.0632543 
0.418912 1.72283 0.207007 
1.43114 2.74518 0.0966887 
-0.469143 3.36199 0.638266 
-0.544445 3.23911 1.20428 
0.810091 2.54041 0.533505 
0.312249 0.556846 0.00308774 
0.723897 1.73452 0.237745 
0.678154 1.63001 0.187001 
0.0552702 0.358607 0.163692 
-0.010781 3.28149 1.3294 
0.467954 1.86107 0.0864194 
1.26478 2.56688 0.021267 
-0.802219 3.54862 0.564423 
0.965503 2.32629 0.474444 
0.922896 2.65188 -0.53951 
0.00459943 2.30802 0.313663 
1.13311 1.7912 -0.381658 
1.13751 1.28498 -0.32503 
1.04296 2.32449 -0.549966 
0.60201 2.00299 -0.561365 
-0.521724 3.30524 1.07557 
0.356339 2.50744 0.557489 
0.17384 1.13047 -0.42335 
-0.126071 2.02424 0.47362 
1.01274 2.23668 0.0833527 
1.37343 2.56019 -0.209941 
0.389551 2.68431 0.615143 
0.103284 2.8809 0.251043 
-0.174591 3.23713 1.27564 
0.156317 1.1763 0.240231 
0.568973 0.481916 0.52269 
0.358532 0.742821 0.35097 
1.1996 1.32567 0.256193 
1.51624 2.41595 -0.159222 
0.358227 1.8989 0.511905 
0.248032 3.29503 0.581909 
1.25045 2.51895 -0.458631 
0.56564 0.574107 0.331058 
0.470831 2.1001 -0.311102 
-0.600207 3.13764 0.41577 
1.10016 2.31943 -0.0350843 
0.849012 0.311972 0.294942 
-0.33532 2.99467 0.849085 
0.187834 2.916 1.23244 
0.369518 1.0486 -0.286922 
-0.0885584 3.58598 0.779154 
1.10947 2.87547 0.155894 
-0.207514 3.65365 0.494263 
0.158221 1.48612 -0.1532 
-0.00704001 3.66221 1.25734 
0.94009 1.1579 0.414002 
0.426379 1.41453 0.152583 
1.51142 2.23335 0.230609 
0.388536 1.54368 0.638298 
-0.677902 3.01268 1.30583 
0.945402 1.70478 0.362181 
-0.573774 4.14235 0.793681 
0.34938 1.71004 0.482087 
-0.218383 3.07031 0.697233 
0.944243 2.12228 0.344894 
-0.220247 3.6319 0.66714 
0.913028 2.2868 0.494295 
-0.0396657 0.620522 0.0262058 
-0.694835 3.9438 0.993721 
-0.500115 4.02298 1.16547 
-0.0973719 2.66775 0.323027 
0.914823 2.54363 0.186129 
-0.528689 3.30403 0.601297 
0.0304431 3.45709 0.37663 
0.650301 1.30698 -0.536345 
0.239825 0.35027 0.106008 
-0.726695 3.49414 0.989775 
0.112155 2.64314 0.271935 
0.73436 0.906263 -0.194462 
1.05047 2.84901 -0.293913 
0.46536 1.61499 0.113553 
0.397709 1.54129 -0.0958512 
0.142974 2.39823 0.952534 
0.209802 1.34993 -0.00468924 
0.327389 1.14392 -0.0171939 
0.603355 1.72571 0.556767 
-0.196398 1.22984 -0.181714 
0.843449 1.68697 0.571757 
-0.713558 4.02066 1.06513 
1.00601 1.95632 -0.409125 
-0.665991 2.92183 1.04579 
0.696239 0.284325 0.371589 
0.667939 -0.257504 0.0160895 
0.0242295 2.06847 0.391144 
0.877362 2.75336 0.543269 
1.52147 2.72704 0.0498065 
0.0545052 2.45099 0.402399 
0.879183 2.04845 0.268341 
0.550342 2.01321 0.247111 
-0.230113 0.992588 -0.268417 
0.706888 2.4205 -0.228552 
0.734395 0.297884 0.424446 
-0.380997 1.24564 -0.316005 
-0.733256 3.38304 0.339795 
-0.164744 0.975979 -0.333487 
0.80611 2.51802 0.392167 
0.32503 0.978975 -0.0143662 
0.126712 2.06216 0.611912 
0.795972 1.13344 0.146853 
-0.585915 3.2569 0.697492 
-0.658796 3.33964 1.23011 
0.018362 2.18471 0.793077 
0.87969 0.756332 0.302576 
0.202949 1.51128 -0.198095 
0.357203 1.65219 -0.46678 
0.342653 0.720379 0.3838 
0.414781 1.09634 -0.54927 
0.37123 2.4135 0.710045 
1.02396 2.12832 -0.286679 
0.39574 2.29018 0.0470048 
0.427659 0.0930544 0.14979 
0.737765 0.04522 -0.151532 
0.385882 0.393791 0.020644 
1.02886 1.03313 -0.0258597 
0.476164 1.29786 -0.485337 
-0.50288 3.96568 0.857022 
0.564585 0.934524 0.298224 
1.5773 2.79068 0.126617 
0.69387 1.60418 -0.55699 
-0.344187 4.04126 1.33457 
0.391434 0.113869 0.442416 
0.519446 0.0895261 -0.217181 
0.387871 1.33693 0.257658 
-0.331762 3.57847 0.181934 
0.176749 1.89036 0.377498 
0.492147 1.10461 -0.544047 
-0.375234 4.07999 1.15329 
-0.236205 3.69446 0.244365 
0.963389 2.67617 0.695253 
0.529078 2.0508 -0.178986 
-0.748517 3.61554 1.03907 
-0.761003 3.71057 0.638747 
0.378955 1.10652 -0.255393 
0.728361 2.06074 -0.577698 
0.10638 0.330254 0.184637 
0.78284 2.51314 -0.528557 
0.0364235 2.72161 0.314677 
1.50766 2.41125 -0.189122 
0.923805 2.15281 0.212281 
0.454329 0.459794 -0.26091 
1.62341 2.47572 -0.0590916 
0.840825 0.579345 -0.187221 
0.176982 2.58937 0.884624 
0.195082 1.93026 0.0573735 
-0.0279572 0.933517 0.111269 
-0.094618 2.31067 0.619274 
-0.064399 1.34509 -0.252721 
-0.290629 3.20263 1.33021 
0.890587 2.24139 0.39706 
-0.578549 3.09502 0.58288 
0.938141 1.36803 -0.493081 
0.502792 1.67128 0.640023 
0.133122 2.49359 0.44252 
-0.654356 2.91036 1.15445 
-0.701907 3.62082 0.802812 
0.0801858 0.0365419 0.182519 
0.360141 3.06901 0.709633 
0.190579 1.59032 0.38463 
1.08356 2.78945 0.300615 
0.565507 1.11473 0.354395 
0.792882 0.312149 0.401644 
1.44355 1.94179 0.3519 
-0.0999848 3.147 0.708628 
0.490288 1.69206 0.111479 
0.754117 0.775396 -0.445667 
0.225438 0.945633 0.00328884 
0.327553 1.29747 0.488126 
-0.0876827 4.08608 0.546778 
-0.77896 3.56763 0.437673 
0.26866 2.8614 0.690984 
0.97958 2.75533 0.645019 
-0.0416858 3.302 1.49044 
0.136391 2.29405 0.0273959 
0.0272427 3.21325 1.38526 
1.10736 3.00305 0.348713 
-0.0143105 3.17296 1.32785 
0.936592 1.07368 0.351989 
-0.713193 3.59589 1.03432 
-0.438429 3.68877 0.443517 
-0.18329 3.84087 1.44465 
-0.239405 3.71558 1.55012 
0.0484883 3.82734 0.889447 
0.713469 1.94863 0.341459 
-0.505526 3.96528 0.65246 
0.661197 1.72271 0.448654 
-0.739919 4.01339 0.825536 
-0.719994 3.36721 1.35915 
-0.151754 3.92294 0.891372 
0.76516 1.13451 -0.423863 
0.306345 2.49835 0.378489 
0.580584 1.17459 -0.463151 
1.08487 2.20031 -0.303786 
1.0105 2.91889 0.293737 
0.443542 2.73888 0.596672 
0.930153 2.50864 -0.0627379 
-0.182355 3.58568 0.433616 
-0.0655243 1.95356 0.133286 
0.410354 0.553318 0.582052 
0.32642 1.43071 -0.470803 
0.491422 2.18879 -0.154297 
0.865302 1.25195 -0.213222 
-0.226112 2.82513 0.664932 
-0.0762669 1.38761 -0.0749577 
0.00524288 3.41168 0.459917 
0.582325 1.953 0.080112 
1.0086 1.91506 0.305137 
0.694437 2.09863 0.390291 
1.39418 2.6351 -0.201325 
0.397909 1.2156 0.312126 
0.169558 2.4681 0.576855 
-0.355802 3.51377 0.966854 
-0.838774 3.58415 0.589516 
-0.090116 3.03562 0.259431 
-0.147992 3.30615 0.619754 
1.25777 2.77883 -0.011452 
0.693656 0.375948 -0.115704 
0.175844 1.58794 0.308837 
0.384403 1.24218 0.412733 
1.48709 2.67578 0.27 
0.763015 1.92301 -0.381974 
0.75568 2.38332 0.680127 
-0.0863427 4.01713 1.26587 
0.777295 2.06353 0.492132 
-0.450281 3.22065 0.291783 
0.027972 0.826813 -0.203114 
-0.491091 3.17412 1.47772 
-0.250132 2.51489 0.748817 
0.194376 3.03931 0.920174 
0.748466 1.74446 -0.547791 
0.873814 2.6413 -0.322459 
0.938242 2.45155 0.445323 
0.141541 3.96067 0.812416 
-0.262202 3.53807 1.28318 
0.908997 1.46133 0.412089 
0.99427 2.25996 0.654841 
-0.222631 3.16266 0.228625 
0.70453 2.27962 -0.386079 
1.40779 2.63562 -0.231474 
0.414015 2.81643 0.976144 
1.07187 1.73782 0.282619 
-0.0151237 1.80597 0.352933 
1.24175 2.09167 0.446912 
0.590452 2.32744 -0.0710122 
-0.723846 3.0251 0.947259 
0.234444 -0.126514 0.103544 
-0.37221 1.09545 -0.269377 
0.136782 -0.200636 0.105369 
1.17793 2.01445 0.0570583 
0.908904 2.14959 -0.619736 
0.576103 0.822489 0.0240813 
0.537032 1.36068 -0.195834 
0.0741771 0.910767 0.00623582 
1.1639 1.39172 0.0394606 
-0.40803 3.54808 1.23518 
-0.634985 3.98692 0.767804 
0.0480625 2.31471 0.491843 
0.855346 2.74003 0.616259 
0.800059 1.87963 -0.465888 
-0.0331831 0.700298 0.0250425 
0.869903 1.7873 -0.476887 
0.652493 2.25275 -0.249908 
0.0748736 0.402027 0.104625 
0.876357 2.48262 -0.551679 
-0.170699 3.08118 1.19255 
0.861892 1.14749 -0.466171 
0.808218 1.68012 0.351536 
0.925018 1.40323 -0.268113 
0.400256 1.66085 0.328241 
1.30821 2.0646 -0.395374 
0.504531 2.94604 0.447473 
0.377667 1.1974 -0.492342 
1.24555 2.19918 0.0283677 
0.718887 0.5622 -0.0329611 
0.218396 1.5645 0.623196 
0.533552 2.45177 0.354167 
-0.0491026 1.55063 0.081188 
1.0095 2.90852 0.264097 
0.522412 1.11033 0.536113 
0.484494 1.88667 -0.510618 
0.235938 1.76683 0.0362761 
-0.322085 3.66985 1.31303 
0.325971 1.93432 -0.0687221 
-0.0626807 3.05849 1.37387 
0.351396 2.87842 0.266165 
-0.538246 3.22881 1.31527 
0.667809 2.4231 0.220749 
-0.458835 3.19653 0.974689 
1.01813 1.90907 -0.398155 
-0.301708 3.29866 1.37991 
1.15115 1.26406 -0.0737264 
0.743808 1.41591 -0.104614 
-0.117346 2.88437 1.22296 
0.455153 1.70808 0.344955 
0.673798 1.24179 0.10009 
0.569907 1.38264 -0.0898774 
1.29501 2.06269 0.216544 
-0.098882 2.1739 0.35648 
0.296193 -0.296754 0.451688 
0.633957 1.93912 -0.510863 
0.167552 3.17053 0.498593 
0.665847 2.1533 0.194809 
1.11516 2.10254 -0.493211 
